[[2297.84133376],
 [3104.24585862],
 [1970.9662853 ],
 [1868.69764675],
 [2286.65625047],
 [2255.71063462],
 [2053.4480707 ],
 [2728.81994104],
 [2613.04590646],
 [3215.53514024],
 [2195.97974123],
 [1895.64649998],
 [1817.52182983],
 [3482.38218042],
 [2775.01084565],
 [3383.72308435],
 [2122.87696893],
 [3374.90329807],
 [3331.28579394],
 [2139.45189122],
 [1830.87073806],
 [1869.42771804],
 [2651.22783531],
 [2769.26133765],
 [1828.53094125],
 [2854.91902548],
 [1999.35066967],
 [1853.07252129],
 [2746.83784628],
 [3076.74160702],
 [1991.39816351],
 [2899.98505013],
 [2171.97257146],
 [2786.64768575],
 [2785.5286852 ],
 [2246.67700219],
 [2763.54587549],
 [1832.91184758],
 [3325.32626824],
 [2107.37490072],
 [1852.43679389],
 [2306.14181846],
 [2589.55988413],
 [3196.82360232],
 [2010.28273359],
 [1899.39919906],
 [1972.64088932],
 [2006.48347784],
 [2037.81802296],
 [1962.81005103],
 [2129.18864344],
 [2657.44755871],
 [2681.54996111],
 [1823.62813547],
 [3415.05537342],
 [1817.33765415],
 [3476.41062246],
 [2397.75397297],
 [3539.86823618],
 [2080.35754562],
 [2721.61247814],
 [3510.22319869],
 [2565.17622756],
 [1807.99002065],
 [2004.31602955],
 [2634.72203016],
 [3343.53258779],
 [1839.40927017],
 [2738.86578769],
 [1819.10988359],
 [2643.39018257],
 [2744.85211252],
 [2773.90756907],
 [3606.11460056],
 [1852.56532034],
 [2168.90215644],
 [2649.60717138],
 [1836.41897909],
 [1919.28853155],
 [2388.67809088],
 [1815.07654562],
 [3554.60365774],
 [2133.64317902],
 [3573.60943921],
 [3483.73717743],
 [3439.61787319],
 [2024.49803319],
 [2365.47072485],
 [3480.42912519],
 [3576.35033427],
 [1898.9194809 ],
 [2387.10036026],
 [1883.65990383],
 [2531.6390261 ],
 [3166.09552433],
 [2263.44519272],
 [1901.39546105],
 [2020.29043249],
 [2636.21047592],
 [2128.22031964],
 [1885.09194835],
 [2824.85832796],
 [2609.31262308],
 [2136.25787204],
 [1902.77089924],
 [2168.69377951],
 [2272.78742538],
 [3681.84074825],
 [2104.71645401],
 [1971.52804163],
 [2019.58504101],
 [2779.81130882],
 [2113.06082914],
 [3406.07684329],
 [1889.31725562],
 [3367.6390921 ],
 [2680.34523068],
 [2169.82823058],
 [2132.85205766],
 [2880.59997889],
 [3136.55385492],
 [2746.70808925],
 [2067.75928659],
 [2008.57175931],
 [3636.26581353],
 [1970.15376565],
 [2120.60451178],
 [1816.60272893],
 [1996.01103275],
 [3546.53766546],
 [2439.45903077],
 [1853.65492389],
 [2174.59717742],
 [2020.71976554],
 [3491.95794839],
 [2420.91963627],
 [3492.80786377],
 [3354.89487351],
 [3354.00817769],
 [2165.88896304],
 [3482.31080722],
 [2155.04973898],
 [2771.43849379],
 [2049.23527425],
 [2023.17660346],
 [3563.80232362],
 [2168.7522317 ],
 [3680.00309338],
 [3168.91326181],
 [2056.60954809],
 [1847.86651613],
 [3582.64512259],
 [3617.73257189],
 [2938.22440569],
 [1882.88320751],
 [2125.45665899],
 [2486.29133709],
 [3612.39270779],
 [2156.49463615],
 [1852.98747506],
 [1962.90432655],
 [1901.00263498],
 [2387.33102423],
 [3664.11421523],
 [2924.1035867 ],
 [3619.12694722],
 [1995.84497383],
 [2639.52126276],
 [2156.00582542],
 [2932.33187783],
 [3111.81620367],
 [2115.9683984 ],
 [2785.61783334],
 [2610.162265  ],
 [1900.3641046 ],
 [2002.42156325],
 [1823.68139192],
 [2293.60037087],
 [2615.80854164],
 [3462.70614716],
 [2623.13044778],
 [2192.81190589],
 [1895.2285839 ],
 [2070.9809253 ],
 [1887.65317983],
 [2123.23226254],
 [3549.33735453],
 [2390.93113233],
 [2568.61143895],
 [1789.34924065],
 [1936.42001442],
 [1866.13135624],
 [1842.23316051],
 [2623.74176883],
 [2756.56196659],
 [1981.22303839],
 [2603.43158056],
 [2278.94425286],
 [3269.67007373],
 [2672.90518958],
 [2108.25045303],
 [2377.47837746],
 [2302.34632281],
 [2184.55900332],
 [2401.19287608],
 [1881.90127906],
 [2170.50333631],
 [1937.58755423],
 [2598.49507077],
 [2013.25600175],
 [2250.03742212],
 [2249.93159288],
 [2172.92353051],
 [1973.84801254],
 [2905.4110543 ],
 [1914.82968897],
 [2636.87471159],
 [1970.25186962],
 [2576.66922742],
 [1821.80463218],
 [3516.23987764],
 [2432.41947264],
 [2132.05218556],
 [2113.78413228],
 [2386.3670758 ],
 [2318.93881494],
 [2616.41740154],
 [3620.20574907],
 [2069.64937753],
 [3239.81160028],
 [2015.08613646],
 [2247.08021976],
 [2760.25628185],
 [1993.32674402],
 [2341.82910347],
 [3199.12012399],
 [2752.12110404],
 [2111.06894252],
 [3613.31509022],
 [2010.34549278],
 [2123.46914774],
 [1995.47846833],
 [2817.48555815],
 [2011.36830359],
 [2108.17470445],
 [2263.29205482],
 [3299.07255172],
 [3603.94441766],
 [1830.08200947],
 [2912.56888411],
 [1951.07565387],
 [3572.13904185],
 [3029.25969517],
 [3601.38920231],
 [2004.68212486],
 [1981.7616873 ],
 [2271.09183326],
 [2651.20404424],
 [2764.10838384],
 [2906.6174255 ],
 [2017.2005334 ],
 [3285.22984211],
 [3233.06368782],
 [1982.87398808],
 [1879.8376774 ],
 [2252.40600064],
 [2385.59400284],
 [2016.47176105],
 [1937.19500161],
 [1853.65690648],
 [2119.7755845 ],
 [3349.5495402 ],
 [3512.14289173],
 [2129.78437724],
 [2644.34073144],
 [2308.99373851],
 [2122.36573443],
 [3251.76018541],
 [3530.75489   ],
 [2006.79057404],
 [3489.43527484],
 [2136.35816369],
 [2175.13657835],
 [2730.08291857],
 [3488.31846197],
 [2693.94879904],
 [2746.46484609],
 [1899.8042625 ],
 [2074.29772827],
 [1877.82288846],
 [3479.86114764],
 [2107.81797517],
 [1804.47311292],
 [2583.52119161],
 [2210.40471671],
 [2025.7412532 ],
 [2793.01316363],
 [2182.38567562],
 [1821.09213073],
 [1892.19515442],
 [1943.78875068],
 [1847.86480701],
 [2651.67371273],
 [3692.51692146],
 [2796.33406851],
 [1900.26634246],
 [1836.48973701],
 [3432.42777504],
 [2696.64935867],
 [1813.26370729],
 [2064.2095636 ],
 [2551.85637452],
 [2610.75758861],
 [1823.59176522],
 [2663.91284969],
 [1860.26405512],
 [2403.67357343],
 [2709.90194041],
 [2139.66498535],
 [2507.21284641],
 [2258.21348227],
 [2135.81363538],
 [1995.94492366],
 [3648.5564978 ],
 [1959.90090937],
 [2738.35455319],
 [1891.50411962],
 [2560.97122473],
 [1882.53502387],
 [2617.42359963],
 [2014.37773691],
 [1938.72590212],
 [2052.44782039],
 [2947.03270663],
 [2401.10550543],
 [2143.05206769],
 [2604.31130314],
 [1842.28559657],
 [2120.61968884],
 [2131.42561908],
 [2133.99033718],
 [1829.21958327],
 [2800.95814963],
 [3330.95422302],
 [2418.51386711],
 [2136.29861766],
 [2015.28343824],
 [2130.43719593],
 [1793.4818448 ],
 [1824.13314874],
 [2000.21555702],
 [1974.16495331],
 [2016.33045031],
 [2195.71701401],
 [2621.21772798],
 [2009.74921206],
 [1823.14465723],
 [2022.03073541],
 [1971.72185679],
 [3486.06924897],
 [2828.95257926],
 [2250.82936386],
 [2417.7306761 ],
 [2658.59431551],
 [2748.53808723],
 [3343.64662084],
 [2700.70628261],
 [1797.68520686],
 [1814.64748602],
 [2124.84397064],
 [1998.78043607],
 [1878.61148031],
 [1991.51910144],
 [2576.13338148],
 [2982.85603826],
 [1925.57593644],
 [2287.10076059],
 [2115.35721408],
 [1933.02260896],
 [2622.30842537],
 [3604.53317822],
 [1962.20331044],
 [1893.89074654],
 [3384.88939358],
 [2761.84262648],
 [2165.6288337 ],
 [2610.0534277 ],
 [3404.75712269],
 [2813.33975953],
 [1900.55053633],
 [2264.20185806],
 [1894.5610667 ],
 [2023.01115983],
 [2104.06746377],
 [2698.03935862],
 [1878.03468365],
 [2764.03427603],
 [1846.28270101],
 [1890.02408277],
 [2644.32186266],
 [1886.25873614],
 [1896.12006528],
 [2123.92322898],
 [1880.86185552],
 [1854.97881476],
 [1857.14482739],
 [2712.88334402],
 [1857.66337695],
 [3538.02538556],
 [1911.95425132],
 [2389.39565136],
 [3624.0087649 ],
 [2255.96016737],
 [1936.16385026],
 [2466.0311921 ],
 [2583.27370981],
 [1834.11985954],
 [2125.50007086],
 [1899.35551374],
 [1830.5680856 ],
 [2144.23833954],
 [2558.31865743],
 [3317.38292301],
 [2607.25838745],
 [3488.35455876],
 [3476.84159628],
 [1937.87113282],
 [1944.53051242],
 [1963.96255051],
 [2133.6647824 ],
 [1828.80529055],
 [3515.26307656],
 [1955.12854427],
 [2018.95505627],
 [2392.09962925],
 [2126.64347777],
 [2001.88824682],
 [2055.83647512],
 [2760.83492436],
 [1896.34382437],
 [2172.20132121],
 [1824.99762589],
 [1863.00474508],
 [2564.81703713],
 [1899.71272158],
 [3361.71101437],
 [2259.15856192],
 [1939.43197725],
 [1883.00838408],
 [1820.05270719],
 [2247.16977809],
 [2040.86779171],
 [3344.98110831],
 [2068.96552107],
 [1873.6432491 ],
 [1826.79672283],
 [2002.55316614],
 [1996.25099438],
 [3333.63509349],
 [3692.04793662],
 [2053.65706293],
 [1881.10427829],
 [1991.16127831],
 [2123.89547273],
 [1971.45912957],
 [1904.85788177],
 [2230.83146753],
 [1987.51645942],
 [1933.93172854],
 [1934.63137735],
 [3456.12012335],
 [2147.02490251],
 [1975.42335039],
 [2407.97401399],
 [1903.13323446],
 [2730.69697423],
 [2934.28602689],
 [2940.56331375],
 [3285.96408368],
 [1877.61499008],
 [1994.45681973],
 [2384.10459997],
 [2564.7708223 ],
 [2184.99708711],
 [1905.81431003],
 [2135.3404119 ],
 [2111.7013884 ],
 [1892.32771442],
 [3432.50215631],
 [3614.18168669],
 [2135.45143688],
 [2618.62600565],
 [2092.24063695],
 [3349.47338144],
 [1823.56134274],
 [2429.1890832 ],
 [2303.83326453],
 [2146.13396805],
 [2087.34425749],
 [2005.83633346],
 [2713.51845614],
 [3124.71000518],
 [1924.6780971 ],
 [2725.75007294]]


[[2299.29997231],
 [3147.69997008],
 [1975.89999212],
 [1860.40003337],
 [2282.00003774],
 [2259.70001381],
 [2052.45000807],
 [2750.85005942],
 [2626.65002174],
 [3261.29999331],
 [2197.99999938],
 [1882.75003223],
 [1812.79998657],
 [3565.49996669],
 [2793.99994602],
 [3457.79999149],
 [2122.94998289],
 [3436.70004916],
 [3401.9000069 ],
 [2135.99999874],
 [1826.35002503],
 [1860.09997879],
 [2658.49997163],
 [2789.40006616],
 [1823.14998971],
 [2886.44998364],
 [1993.59999947],
 [1843.95001418],
 [2783.44997485],
 [3137.2000422 ],
 [1990.55002563],
 [2919.89995118],
 [2169.29997317],
 [2810.85003799],
 [2814.15002313],
 [2249.64999689],
 [2775.45002329],
 [1833.75000415],
 [3384.29994938],
 [2111.79997092],
 [1850.14998006],
 [2303.20006663],
 [2602.15000771],
 [3232.79993513],
 [2004.60001833],
 [1893.04999209],
 [1971.14998242],
 [2005.25003405],
 [2027.10001029],
 [1959.54999112],
 [2122.69997159],
 [2679.45005758],
 [2704.70003716],
 [1819.99999767],
 [3492.79993341],
 [1809.60001962],
 [3561.69995893],
 [2399.89995461],
 [3604.69998915],
 [2080.04997087],
 [2738.5000342 ],
 [3609.29986901],
 [2578.05006645],
 [1809.45002651],
 [2000.84998549],
 [2660.65005518],
 [3405.10004222],
 [1832.90002041],
 [2751.10000236],
 [1820.5499952 ],
 [2654.69996387],
 [2766.49993305],
 [2777.80000649],
 [3696.49987432],
 [1846.40001559],
 [2163.39999351],
 [2655.79995892],
 [1839.64998382],
 [1916.6499791 ],
 [2394.30002953],
 [1814.04997473],
 [3633.09996078],
 [2133.14999292],
 [3682.29988851],
 [3532.80010143],
 [3511.7999722 ],
 [2018.54999284],
 [2364.99996252],
 [3566.09993913],
 [3638.09991341],
 [1892.35000145],
 [2391.99995288],
 [1883.64999089],
 [2543.64996024],
 [3217.94993359],
 [2264.39998022],
 [1896.40002052],
 [2014.64996688],
 [2654.09999143],
 [2120.59999968],
 [1876.00000046],
 [2828.14997256],
 [2618.99996295],
 [2130.44998021],
 [1897.50001556],
 [2158.94997003],
 [2272.94999768],
 [3756.19986667],
 [2108.74999708],
 [1967.25002483],
 [2012.75003137],
 [2800.55000976],
 [2120.45000657],
 [3466.29996566],
 [1887.40002373],
 [3431.89999618],
 [2694.40000894],
 [2174.19997598],
 [2127.90002898],
 [2907.89995547],
 [3177.69995936],
 [2763.99995673],
 [2061.89998419],
 [2004.20001391],
 [3717.69990321],
 [1968.50001299],
 [2124.19997105],
 [1818.94997754],
 [1999.64997224],
 [3614.79998099],
 [2457.84993619],
 [1846.40001559],
 [2171.95001097],
 [2015.35002588],
 [3568.50010235],
 [2411.14998478],
 [3558.00003774],
 [3414.39988849],
 [3412.19989839],
 [2171.10002722],
 [3563.10007693],
 [2153.55001298],
 [2804.79999685],
 [2036.35001838],
 [2015.44997571],
 [3627.39994914],
 [2157.94999318],
 [3768.29994895],
 [3202.30005996],
 [2054.29996867],
 [1839.20000449],
 [3645.30012961],
 [3708.40005694],
 [2963.90002662],
 [1881.19998948],
 [2128.4500265 ],
 [2499.14999892],
 [3689.89990403],
 [2157.90001826],
 [1849.99998695],
 [1961.5500132 ],
 [1896.15000921],
 [2393.05004138],
 [3730.90011727],
 [2962.5499519 ],
 [3710.30006082],
 [1994.69999452],
 [2640.14994856],
 [2150.00001653],
 [2978.25000554],
 [3166.60005904],
 [2107.35001581],
 [2804.65000374],
 [2633.04995565],
 [1895.45001858],
 [2002.64997117],
 [1817.40000316],
 [2294.45001279],
 [2631.19999505],
 [3547.39988656],
 [2651.99995116],
 [2180.80001464],
 [1888.10001436],
 [2070.64996967],
 [1877.60001812],
 [2116.45003079],
 [3635.89992331],
 [2397.1999419 ],
 [2584.15001414],
 [1797.45003079],
 [1935.04997709],
 [1864.84998849],
 [1835.2000287 ],
 [2635.24994575],
 [2775.6000164 ],
 [1975.4999877 ],
 [2633.34994187],
 [2284.59996389],
 [3319.00003195],
 [2690.74999429],
 [2110.84996898],
 [2379.99995716],
 [2290.40006209],
 [2183.04997966],
 [2405.29998003],
 [1878.25003384],
 [2170.05000709],
 [1933.39998451],
 [2621.84996877],
 [2006.40000401],
 [2250.34998752],
 [2251.74996879],
 [2164.79997478],
 [1966.89999533],
 [2937.70004509],
 [1908.49996606],
 [2635.44998214],
 [1967.65002925],
 [2588.100015  ],
 [1822.09996957],
 [3578.9998935 ],
 [2423.70004638],
 [2120.19999527],
 [2106.70000009],
 [2393.59997054],
 [2331.79993792],
 [2635.24994575],
 [3699.60009654],
 [2067.70001402],
 [3312.70004787],
 [2013.94997625],
 [2258.99995481],
 [2790.04994515],
 [1992.05002509],
 [2352.95006026],
 [3264.85005813],
 [2774.24994168],
 [2107.35001581],
 [3718.50004877],
 [2006.40000401],
 [2126.80003393],
 [1992.35001131],
 [2834.74994285],
 [2012.35002695],
 [2112.15000042],
 [2272.35002524],
 [3354.20001026],
 [3693.999898  ],
 [1835.90001934],
 [2948.19997297],
 [1964.0000146 ],
 [3644.79997027],
 [3089.95002489],
 [3671.80009736],
 [1994.84998763],
 [1988.00000603],
 [2280.64996302],
 [2661.14994105],
 [2776.90004783],
 [2925.44996971],
 [2013.54997183],
 [3336.79998913],
 [3281.49997698],
 [1978.55002991],
 [1878.15001564],
 [2254.29998839],
 [2394.45002264],
 [2011.19998863],
 [1931.85001013],
 [1842.85001913],
 [2113.14997728],
 [3410.39998107],
 [3578.00012175],
 [2129.49997827],
 [2654.69996387],
 [2300.60000375],
 [2122.20001734],
 [3299.60005711],
 [3597.2000602 ],
 [1994.55000141],
 [3566.60009847],
 [2133.59997225],
 [2168.15000321],
 [2727.45004043],
 [3566.09993913],
 [2709.90002619],
 [2777.80000649],
 [1893.59998961],
 [2073.49997549],
 [1870.2500139 ],
 [3559.79995505],
 [2119.39998644],
 [1799.00000517],
 [2607.14996034],
 [2219.6500076 ],
 [2017.30000468],
 [2815.60004768],
 [2169.05003023],
 [1814.80000864],
 [1884.80002922],
 [1928.45000679],
 [1838.90001827],
 [2678.45001236],
 [3774.89991924],
 [2828.70003845],
 [1899.70000566],
 [1831.09996636],
 [3522.60002303],
 [2712.15005957],
 [1817.95000068],
 [2055.5500252 ],
 [2559.50000699],
 [2633.84996448],
 [1822.95002168],
 [2688.90003369],
 [1856.39998923],
 [2407.25002719],
 [2733.00005896],
 [2141.00001974],
 [2522.85000413],
 [2252.49993434],
 [2134.60001747],
 [1994.59997632],
 [3753.20000447],
 [1952.44999822],
 [2761.90005319],
 [1892.54996948],
 [2576.49995534],
 [1879.2999856 ],
 [2628.85001184],
 [2005.04999766],
 [1932.10002144],
 [2048.10000279],
 [3008.3000381 ],
 [2416.7000033 ],
 [2148.14998756],
 [2642.69996815],
 [1842.45001472],
 [2120.95002918],
 [2122.35001045],
 [2131.05002102],
 [1821.60001533],
 [2821.49995898],
 [3410.29989451],
 [2433.74999493],
 [2136.50002135],
 [2027.94999404],
 [2119.35001152],
 [1793.15000042],
 [1823.40000101],
 [2004.60001833],
 [1970.55000998],
 [2013.30002889],
 [2183.55000227],
 [2640.40002823],
 [2012.14999056],
 [1820.35002717],
 [2016.54997076],
 [1970.65002818],
 [3587.29996802],
 [2856.74998057],
 [2261.24998818],
 [2427.89999019],
 [2675.74999965],
 [2754.9500534 ],
 [3416.20007927],
 [2705.54995254],
 [1800.45002972],
 [1816.25003319],
 [2120.74999279],
 [1988.40001044],
 [1875.19999163],
 [1990.24997104],
 [2589.14996677],
 [3046.89995139],
 [1918.69997609],
 [2289.30006704],
 [2112.55000484],
 [1934.34998645],
 [2656.24993825],
 [3706.80003928],
 [1956.54999219],
 [1889.30002761],
 [3452.90012541],
 [2771.35002931],
 [2163.75002301],
 [2630.4500295 ],
 [3469.20001476],
 [2818.4500535 ],
 [1898.30002439],
 [2255.00004739],
 [1894.14998714],
 [2018.80000414],
 [2097.25002398],
 [2695.2999676 ],
 [1878.59999497],
 [2796.00003645],
 [1852.59998147],
 [1892.09999015],
 [2672.69995744],
 [1882.59997075],
 [1892.20000834],
 [2128.90000583],
 [1875.15001671],
 [1852.19997705],
 [1849.34997124],
 [2731.85002063],
 [1846.5500087 ],
 [3644.49998405],
 [1905.10003108],
 [2390.20003556],
 [3706.09998028],
 [2268.40002437],
 [1933.85003221],
 [2475.09996421],
 [2609.90001633],
 [1829.35002396],
 [2126.85000884],
 [1897.25000426],
 [1826.04997044],
 [2144.99999553],
 [2577.50000056],
 [3367.2000512 ],
 [2617.5499384 ],
 [3577.30006275],
 [3560.09994127],
 [1933.09999829],
 [1929.59997675],
 [1964.80002343],
 [2126.19999313],
 [1821.75000844],
 [3612.79989055],
 [1942.60001769],
 [2012.35002695],
 [2402.89995354],
 [2124.59997547],
 [2002.55002134],
 [2048.75001851],
 [2768.39993693],
 [1889.09999122],
 [2169.10000515],
 [1821.94997646],
 [1864.40000916],
 [2582.04997387],
 [1891.10001329],
 [3417.59992381],
 [2255.99995588],
 [1944.69998959],
 [1883.60001597],
 [1816.55001941],
 [2252.80005729],
 [2068.10001844],
 [3398.09999914],
 [2065.69999195],
 [1871.60002026],
 [1826.20003192],
 [1994.69999452],
 [1996.74999151],
 [3384.19999955],
 [3769.40008072],
 [2053.59997804],
 [1875.40002802],
 [1991.04997987],
 [2110.94998718],
 [1971.14998242],
 [1894.80000286],
 [2234.44996585],
 [1979.10002744],
 [1935.54999969],
 [1936.85003113],
 [3522.00005059],
 [2146.20000877],
 [1975.6000059 ],
 [2418.09998457],
 [1898.24998111],
 [2754.34994423],
 [2963.84998334],
 [2962.84993812],
 [3354.89993253],
 [1876.40000487],
 [1985.55000462],
 [2393.14999121],
 [2579.04997494],
 [2178.35001324],
 [1901.39997315],
 [2136.75003265],
 [2108.79997199],
 [1891.54999262],
 [3483.20010091],
 [3699.0001241 ],
 [2128.64999453],
 [2629.44998428],
 [2085.9500189 ],
 [3408.69987685],
 [1818.49999821],
 [2431.19997534],
 [2311.25006148],
 [2155.39997358],
 [2105.85001635],
 [1996.34998709],
 [2723.35004645],
 [3179.74995635],
 [1926.14999849],
 [2728.79997842]]